10 10
1
-2408532343677
-4109985276630
4295812055082
-7385326446117
-11729871701717
-17926723424892
164103080590419
-86549936840
4136120198469
-527864550099
2
-1351817341383
-2307769067927
2416627694815
-4148458308842
-6586937397397
-10068894282403
92199656024206
-46143264277
2326065034202
-292407925016
3
-1155836400101
-1973056713534
2066329602029
-3546773234854
-5631873767670
-8609010081803
78830307267511
-39666714496
1988472632937
-250190748505
4
940318744321
1604608190004
-1676627975819
2883253123157
4579236957761
6998278635454
-64062083094989
33776595666
-1614835232435
206294311229
5
-6081713708837
-10378932184101
10852838031114
-18651829281400
-29622020468296
-45273495446228
414467615136651
-215943389859
10448976680086
-1329185590320
6
-5947445059302
-10149172445188
10608752587542
-18237727179889
-28965401520102
-44268310083781
405245306988731
-212787873472
10215294590099
-1302730416493
7
-68303375623909
-116544782241397
121757215019479
-209405610422865
-332604187140231
-508296009717364
4652714905842250
-2475696185068
117258096987961
-15015382850349
8
-5050734966254
-8619695615401
9013883793922
-15490674353647
-24600948444552
-37599828741262
344224470675498
-178545139756
8678999649308
-1103352211671
9
1234086277739
2104592319105
-2193817618586
3779816811757
6005628145001
9175721742068
-83961243852626
47222713330
-2113701137243
275643621750
10
2655746157291
4532268551824
-4740347678373
8145299181241
12935672475005
19771144646104
-181006134966953
93761484224
-4563888321013
580000367914